Verwaltungsbezirk_Nr.;Name;Wahlberechtigte_insgesamt;Wähler/-innen;Wahlbeteiligung;Ungültige_Stimmen;Gültige_Stimmen;CDU;SPD;GRÜNE;AfD;DIE_LINKE;FDP;PIRATEN;Tierschutzpartei;NPD;Die_PARTEI;FAMILIE;FREIE_WÄHLER;Volksabstimmung;ÖDP;DKP;MLPD;BP;SGP;TIERSCHUTZ_hier!;Tierschutzallianz;Bündnis_C;BIG;BGE;DIE_DIREKTE!;DiEM25;III._Weg;Die_Grauen;DIE_RECHTE;DIE_VIOLETTEN;LIEBE;DIE_FRAUEN;Graue_Panther;LKR;MENSCHLICHE_WELT;NL;ÖkoLinX;Die_Humanisten;PARTEI_FÜR_DIE_TIERE;Gesundheitsforschung;Volt;
50;Nordrhein-Westfalen;13149577;8069019;61,36;0,75;99,25;27,73;19,04;22,98;8,46;4,19;6,63;0,7;1,52;0,15;2,32;0,66;0,63;0,14;0,48;0,04;0,05;0,06;0,01;0,23;0,13;0,14;0,36;0,07;0,05;0,28;0,02;0,19;0,06;0,08;0,08;0,11;0,21;0,09;0,07;0,05;0,07;0,17;0,2;0,13;0,69;99,27
5111;Kreisfreie_Stadt_Düsseldorf;414530;263153;63,48;0,54;99,46;24,54;15,15;29,03;6,87;4,78;8,43;0,65;1,22;0,1;2,94;0,42;0,52;0,1;0,43;0,05;0,06;0,06;0,01;0,22;0,12;0,07;0,4;0,08;0,06;0,51;0,01;0,16;0,03;0,07;0,09;0,1;0,22;0,13;0,07;0,07;0,08;0,2;0,15;0,11;1,15;99,46
5112;Kreisfreie_Stadt_Duisburg;325373;162888;50,06;0,95;99,05;19,71;24,29;19,36;11,88;5,72;5,19;0,75;1,81;0,28;3,01;0,75;0,61;0,18;0,36;0,06;0,19;0,06;0,03;0,32;0,16;0,1;1,36;0,07;0,05;0,26;0,02;0,26;0,12;0,09;0,08;0,13;0,29;0,06;0,07;0,05;0,08;0,17;0,25;0,18;0,64;99,05
5113;Kreisfreie_Stadt_Essen;416106;246269;59,18;0,76;99,24;23,24;20,78;22,6;10,68;4,59;6,39;0,66;1,82;0,17;2,75;0,61;0,54;0,12;0,41;0,1;0,11;0,06;0,01;0,26;0,15;0,11;0,52;0,08;0,06;0,29;0,01;0,22;0,05;0,08;0,08;0,12;0,22;0,09;0,09;0,06;0,07;0,17;0,15;0,11;0,61;99,24
5114;Kreisfreie_Stadt_Krefeld;162065;93883;57,93;0,83;99,17;26,54;18,13;24,29;7,72;4,67;7,5;0,74;1,6;0,16;2,45;0,62;0,49;0,13;0,4;0,05;0,07;0,05;0,01;0,23;0,13;0,07;0,5;0,12;0,07;0,34;0,01;0,18;0,04;0,08;0,08;0,1;0,18;0,09;0,07;0,04;0,08;0,16;0,23;0,14;0,63;99,19
5116;Kreisfreie_Stadt_Mönchengladbach;188522;103352;54,82;0,95;99,05;29,61;15,93;22,5;8,58;4,37;6,98;0,78;1,83;0,22;2,6;0,64;0,66;0,15;0,42;0,04;0,04;0,06;0,01;0,25;0,17;0,05;0,6;0,08;0,07;0,24;0,02;0,21;0,04;0,09;0,08;0,1;0,23;0,06;0,07;0,05;0,07;0,19;0,25;0,14;0,56;99,04
5117;Kreisfreie_Stadt_Mülheim_an_der_Ruhr;123207;77168;62,63;0,74;99,26;23,71;21,03;22,8;9,58;4,2;7,56;0,68;1,72;0,14;2,44;0,66;0,6;0,11;0,39;0,05;0,09;0,06;0,01;0,26;0,14;0,09;0,37;0,07;0,04;0,25;0,02;0,19;0,05;0,13;0,07;0,11;0,25;0,11;0,05;0,06;0,07;0,16;0,22;0,13;0,57;99,24
5119;Kreisfreie_Stadt_Oberhausen;150624;82902;55,04;1,03;98,97;21,82;24,63;18,5;12,07;4,96;5,23;0,89;2,11;0,28;2,66;0,79;0,55;0,15;0,36;0,03;0,08;0,06;0,01;0,27;0,14;0,06;0,49;0,06;0,06;0,23;0,01;0,25;0,07;0,24;0,1;0,16;0,29;0,06;0,05;0,05;0,05;0,14;0,29;0,17;0,52;98,94
5120;Kreisfreie_Stadt_Remscheid;77129;43470;56,36;1,05;98,95;26,99;19,07;21,22;9,79;4,39;6,74;0,79;1,72;0,14;2,35;0,63;0,56;0,2;0,52;0,07;0,03;0,05;0,01;0,23;0,15;0,14;0,81;0,09;0,05;0,15;0,02;0,22;0,09;0,09;0,09;0,13;0,21;0,09;0,1;0,04;0,03;0,16;0,23;0,12;0,43;98,94
5122;Kreisfreie_Stadt_Solingen;112713;64681;57,39;0,77;99,23;25,52;17,49;24,54;9,07;4,78;7,15;0,81;1,69;0,12;2,39;0,65;0,59;0,13;0,5;0,04;0,08;0,04;0,02;0,29;0,12;0,09;0,71;0,06;0,06;0,22;0,01;0,17;0,06;0,11;0,09;0,09;0,2;0,08;0,06;0,03;0,05;0,21;0,23;0,1;0,58;99,23
5124;Kreisfreie_Stadt_Wuppertal;238998;140535;58,8;0,75;99,25;22,15;18,46;25,2;9,7;6,09;6,2;0,73;1,77;0,19;2,98;0,55;0,57;0,13;0,46;0,06;0,08;0,06;0,01;0,26;0,15;0,13;0,5;0,08;0,07;0,41;0,01;0,19;0,08;0,07;0,09;0,13;0,19;0,08;0,07;0,05;0,08;0,21;0,21;0,14;0,61;99,2
5154;Kreis_Kleve;227070;136898;60,29;0,82;99,18;35,61;16,9;21,54;6,35;3,21;7,04;0,59;1,48;0,13;1,69;0,68;0,53;0,13;0,45;0,02;0,02;0,05;0,01;0,21;0,12;0,06;0,03;0,06;0,05;0,15;0,01;0,19;0,05;0,07;0,09;0,12;0,17;0,07;0,06;0,05;0,05;0,15;0,21;0,12;0,64;99,16
5158;Kreis_Mettmann;367255;234389;63,82;0,77;99,23;28,63;17,21;23,1;8,79;3,5;7,89;0,76;1,67;0,14;1,97;0,68;0,61;0,15;0,45;0,03;0,04;0,07;0,01;0,28;0,14;0,11;0,38;0,06;0,06;0,25;0,01;0,22;0,06;0,09;0,07;0,13;0,26;0,11;0,07;0,05;0,05;0,14;0,21;0,12;0,62;99,19
5162;Rhein-Kreis_Neuss;334970;211310;63,08;0,75;99,25;32,18;16,16;21,51;7,95;3,17;8,61;0,68;1,53;0,14;1,94;0,7;0,6;0,12;0,46;0,02;0,02;0,09;0,01;0,29;0,13;0,06;0,32;0,05;0,05;0,24;0,01;0,18;0,04;0,07;0,09;0,13;0,23;0,1;0,06;0,05;0,05;0,17;0,22;0,14;0,68;99,25
5166;Kreis_Viersen;228023;141515;62,06;0,79;99,21;32,5;15,85;23,44;6,98;3,39;7,81;0,64;1,66;0,16;1,87;0,7;0,67;0,13;0,35;0,02;0,02;0,06;0,01;0,25;0,14;0,09;0,16;0,06;0,05;0,2;0,01;0,22;0,04;0,09;0,09;0,11;0,22;0,08;0,08;0,05;0,04;0,13;0,21;0,11;0,52;99,21
5170;Kreis_Wesel;356669;218516;61,27;0,83;99,17;27,04;22,3;20,52;9;4,27;6,52;0,61;1,67;0,15;2,06;0,78;0,58;0,14;0,31;0,02;0,06;0,06;0,01;0,24;0,15;0,08;0,28;0,06;0,06;0,15;0,01;0,23;0,05;0,08;0,07;0,12;0,25;0,08;0,07;0,04;0,05;0,13;0,25;0,15;0,46;99,16
5313;Kreisfreie_Stadt_Aachen;177548;117448;66,15;0,51;99,49;21,93;15,24;31,99;4,95;5,36;6,04;1,13;1,08;0,07;3,97;0,26;0,39;0,07;1,13;0,04;0,04;0,04;0,01;0,15;0,07;0,07;0,3;0,07;0,05;0,74;0;0,1;0,03;0,07;0,04;0,09;0,11;0,1;0,07;0,08;0,1;0,44;0,11;0,07;2,89;99,49
5314;Kreisfreie_Stadt_Bonn;228055;158398;69,46;0,47;99,53;22,92;15,35;31,78;5,95;4,84;7;0,74;1,08;0,06;3,13;0,29;0,48;0,08;0,65;0,04;0,04;0,06;0,01;0,13;0,08;0,11;0,78;0,09;0,04;0,67;0,01;0,1;0,03;0,05;0,05;0,11;0,1;0,19;0,04;0,07;0,13;0,26;0,1;0,07;1,8;99,51
5315;Kreisfreie_Stadt_Köln;740448;478587;64,63;0,53;99,47;19,69;16,88;32,7;6,14;6,09;6,21;0,75;1,3;0,08;3,35;0,36;0,46;0,11;0,47;0,04;0,07;0,05;0,01;0,18;0,11;0,07;0,44;0,09;0,05;0,72;0,01;0,15;0,02;0,07;0,07;0,11;0,19;0,1;0,07;0,06;0,15;0,21;0,14;0,11;1,59;99,47
5316;Kreisfreie_Stadt_Leverkusen;116207;69726;60;0,83;99,17;25,89;19,78;22,51;9,34;4,23;6,62;0,79;1,5;0,15;2,51;0,65;0,6;0,16;0,45;0,02;0,09;0,07;0,01;0,28;0,13;0,05;0,39;0,07;0,08;0,27;0,01;0,22;0,04;0,08;0,1;0,11;0,32;0,1;0,1;0,06;0,05;0,19;0,21;0,19;0,76;99,18
5334;Städteregion_Aachen;227750;131590;57,78;0,88;99,12;30,61;23,73;17,71;8,55;3,56;5,93;0,69;1,56;0,16;1,62;0,64;0,47;0,14;0,71;0,01;0,02;0,06;0,01;0,28;0,12;0,04;0,25;0,06;0,05;0,21;0,01;0,16;0,05;0,06;0,08;0,11;0,18;0,07;0,05;0,04;0,04;0,13;0,25;0,11;0,61;99,14
5358;Kreis_Düren;199697;120531;60,36;1,04;98,96;32,06;19,85;16,95;9,58;3,52;7,03;0,71;1,83;0,2;1,67;0,87;0,62;0,21;0,43;0,03;0,02;0,08;0;0,34;0,16;0,09;0,15;0,07;0,06;0,18;0,02;0,21;0,05;0,09;0,11;0,13;0,29;0,09;0,05;0,04;0,03;0,14;0,26;0,16;0,56;98,94
5362;Rhein-Erft-Kreis;346326;220996;63,81;0,82;99,18;28,51;19,78;20,82;9,2;3,42;7,69;0,73;1,59;0,15;1,95;0,69;0,67;0,16;0,35;0,02;0,02;0,07;0,01;0,24;0,13;0,05;0,3;0,06;0,06;0,24;0,02;0,21;0,06;0,07;0,09;0,11;0,28;0,1;0,07;0,04;0,04;0,16;0,25;0,13;0,66;99,2
5366;Kreis_Euskirchen;151478;92833;61,28;0,96;99,04;33,46;16,26;18,22;9,56;3,34;8,41;0,63;1,8;0,15;1,85;0,81;0,68;0,18;0,47;0,02;0,01;0,06;0,01;0,31;0,16;0,1;0,06;0,08;0,05;0,2;0,02;0,21;0,05;0,09;0,12;0,12;0,26;0,11;0,07;0,04;0,04;0,13;0,29;0,16;0,46;99,05
5370;Kreis_Heinsberg;191077;112550;58,9;1,04;98,96;35,42;16,48;18,88;8,31;3,64;6,35;0,62;1,79;0,27;1,73;0,79;0,96;0,15;0,39;0,01;0,02;0,06;0,01;0,29;0,16;0,05;0,13;0,06;0,05;0,14;0,01;0,2;0,06;0,08;0,09;0,12;0,33;0,06;0,06;0,05;0,04;0,11;0,28;0,11;0,57;98,93
5374;Oberbergischer_Kreis;207897;126841;61,01;0,93;99,07;31,42;17,38;20,55;9,15;3,55;6,93;0,65;1,57;0,13;1,82;0,9;0,62;0,16;0,69;0,02;0,03;0,07;0,01;0,27;0,12;0,49;0,17;0,08;0,07;0,19;0,02;0,19;0,07;0,09;0,11;0,08;0,22;0,09;0,08;0,04;0,05;0,14;0,22;0,12;0,52;99,08
5378;Rheinisch-Bergischer_Kreis;218103;148330;68,01;0,58;99,42;29,82;16,19;26;7,18;3,38;7,85;0,56;1,44;0,08;1,8;0,55;0,78;0,14;0,49;0,02;0,02;0,07;0,01;0,22;0,12;0,12;0,15;0,06;0,05;0,28;0,01;0,16;0,03;0,07;0,07;0,07;0,18;0,13;0,07;0,05;0,04;0,15;0,18;0,12;0,7;99,41
5382;Rhein-Sieg-Kreis;455483;300253;65,92;0,75;99,25;29,87;16,12;24,02;8,06;3,55;7,47;0,73;1,61;0,13;2,09;0,62;0,66;0,29;0,55;0,02;0,02;0,07;0,01;0,23;0,13;0,15;0,22;0,07;0,05;0,27;0,01;0,19;0,04;0,09;0,08;0,09;0,21;0,14;0,08;0,06;0,06;0,17;0,2;0,12;0,71;99,26
5512;Kreisfreie_Stadt_Bottrop;87999;52298;59,43;0,95;99,05;24,06;24,6;17,15;12,21;4,09;5,78;0,71;1,83;0,19;2,16;0,72;0,5;0,12;1,25;0,44;0,1;0,05;0,01;0,32;0,11;0,03;0,36;0,05;0,07;0,16;0,01;0,22;0,07;0,06;0,08;0,12;0,2;0,07;0,09;0,04;0,03;0,13;0,25;0,17;0,44;99,05
5513;Kreisfreie_Stadt_Gelsenkirchen;172667;88496;51,25;0,96;99,04;19,44;25,42;15,48;16,27;4,55;5,17;0,64;2,5;0,31;2,61;0,78;0,79;0,15;0,28;0,06;0,29;0,07;0;0,32;0,18;0,08;1,14;0,08;0,07;0,12;0,03;0,24;0,12;0,07;0,09;0,13;0,28;0,07;0,1;0,03;0,06;0,16;0,29;0,17;0,39;99,03
5515;Kreisfreie_Stadt_Münster;234502;172718;73,65;0,38;99,62;24,31;14,31;36,45;3,99;4,96;5,67;0,62;0,9;0,04;3,21;0,28;0,42;0,05;0,94;0,04;0,03;0,04;0;0,09;0,08;0,07;0,11;0,06;0,03;0,48;0,01;0,09;0,02;0,04;0,05;0,08;0,1;0,09;0,04;0,06;0,13;0,22;0,1;0,07;1,37;99,65
5554;Kreis_Borken;278982;181446;65,04;0,55;99,45;41,31;16,04;20,52;5,39;2,51;6,78;0,53;0,97;0,1;1,47;0,73;0,59;0,09;0,35;0,02;0,01;0,04;0;0,15;0,09;0,05;0,06;0,03;0,05;0,14;0,01;0,14;0,02;0,05;0,06;0,09;0,15;0,05;0,06;0,04;0,03;0,12;0,12;0,11;0,39;99,46
5558;Kreis_Coesfeld;173128;120049;69,34;0,54;99,46;38,04;15,32;24;5,43;2,83;6,56;0,54;1;0,11;1,59;0,99;0,48;0,09;0,35;0,01;0,02;0,05;0;0,12;0,09;0,04;0,04;0,03;0,03;0,15;0,02;0,15;0,04;0,05;0,06;0,11;0,13;0,06;0,06;0,03;0,04;0,11;0,14;0,12;0,44;99,47
5562;Kreis_Recklinghausen;469806;274015;58,33;0,82;99,18;25,44;23,4;18,45;11,37;4;5,82;0,7;1,93;0,18;2,23;0,91;0,57;0,17;0,33;0,04;0,08;0,06;0,01;0,26;0,17;0,07;0,49;0,06;0,07;0,18;0,02;0,25;0,08;0,08;0,08;0,13;0,27;0,07;0,07;0,04;0,05;0,16;0,29;0,16;0,42;99,16
5566;Kreis_Steinfurt;340622;221206;64,94;0,62;99,38;34,21;19,59;23,17;5,57;3,39;5,99;0,58;1,07;0,12;1,76;0,66;0,55;0,1;0,37;0,01;0,02;0,04;0,01;0,19;0,07;0,04;0,13;0,05;0,05;0,14;0,01;0,14;0,04;0,06;0,06;0,09;0,16;0,05;0,04;0,03;0,04;0,12;0,11;0,09;0,42;99,34
5570;Kreis_Warendorf;209212;135952;64,98;0,68;99,32;35,32;17,65;21,94;6,65;3,18;6,65;0,6;1,12;0,11;1,76;0,73;0,69;0,1;0,36;0,02;0,01;0,06;0,01;0,15;0,11;0,1;0,23;0,05;0,05;0,15;0,01;0,15;0,03;0,05;0,08;0,1;0,15;0,07;0,05;0,04;0,04;0,12;0,17;0,12;0,38;99,36
5711;Kreisfreie_Stadt_Bielefeld;237243;151344;63,79;0,74;99,26;21,54;18,68;27,94;7,6;6,51;5,45;0,79;1,41;0,11;3,19;0,54;0,58;0,11;0,52;0,05;0,05;0,06;0,01;0,15;0,11;0,34;0,64;0,09;0,05;0,42;0,01;0,16;0,07;0,07;0,09;0,1;0,17;0,09;0,07;0,04;0,18;0,22;0,14;0,12;0,78;99,25
5754;Kreis_Gütersloh;263291;164120;62,33;0,68;99,32;31,94;16,78;24,09;7,62;3,42;6,31;0,62;1,33;0,13;1,78;0,78;0,9;0,11;0,52;0,02;0,02;0,07;0,01;0,19;0,11;0,24;0,26;0,07;0,05;0,15;0,01;0,16;0,05;0,08;0,08;0,11;0,18;0,09;0,08;0,05;0,05;0,13;0,17;0,13;0,46;99,35
5758;Kreis_Herford;191048;113252;59,28;0,76;99,24;25,73;22,71;21,39;9,85;3,98;5,71;0,64;1,62;0,14;1,83;0,73;1,26;0,13;0,33;0,03;0,04;0,06;0;0,21;0,14;0,4;0,26;0,06;0,05;0,15;0,02;0,18;0,07;0,07;0,09;0,11;0,18;0,07;0,07;0,02;0,06;0,12;0,2;0,12;0,42;99,25
5762;Kreis_Höxter;111469;69376;62,24;0,87;99,13;39,56;16,34;16,81;8,14;3,13;6,41;0,63;1,21;0,17;1,68;0,92;0,7;0,12;0,71;0,02;0,01;0,08;0,01;0,17;0,09;0,17;0,14;0,05;0,03;0,11;0,02;0,17;0,06;0,06;0,12;0,12;0,18;0,08;0,05;0,05;0,04;0,12;0,19;0,12;0,35;99,14
5766;Kreis_Lippe;267750;164091;61,29;0,89;99,11;25,57;21,91;21,23;9,56;3,76;6,51;0,66;1,46;0,14;2,02;0,79;1,17;0,13;0,47;0,02;0,02;0,06;0;0,21;0,14;0,89;0,26;0,06;0,05;0,17;0,02;0,19;0,05;0,07;0,09;0,11;0,19;0,09;0,08;0,03;0,06;0,14;0,18;0,14;0,42;99,12
5770;Kreis_Minden-Lübbecke;240181;141876;59,07;0,76;99,24;27,23;23,3;20,43;9,03;3,57;6,14;0,66;1,37;0,16;2,03;0,71;0,79;0,14;0,41;0,03;0,02;0,04;0,01;0,16;0,12;0,62;0,16;0,08;0,04;0,16;0,02;0,19;0,06;0,06;0,08;0,09;0,17;0,12;0,06;0,04;0,05;0,15;0,19;0,13;0,43;99,25
5774;Kreis_Paderborn;230946;139286;60,31;0,71;99,29;35,62;13,67;22,52;7,99;3,55;6,6;0,68;1,19;0,11;2,28;0,74;0,62;0,13;0,46;0,02;0,01;0,06;0,01;0,17;0,1;0,29;0,22;0,06;0,05;0,23;0,01;0,15;0,04;0,07;0,11;0,13;0,15;0,09;0,05;0,04;0,06;0,22;0,14;0,11;0,52;99,27
5911;Kreisfreie_Stadt_Bochum;271416;165855;61,11;0,82;99,18;19,66;22,82;24,18;9,4;5,63;5,54;0,77;1,66;0,2;3,22;0,63;0,58;0,15;0,43;0,05;0,13;0,06;0,02;0,27;0,13;0,11;0,44;0,09;0,05;0,36;0,02;0,19;0,13;0,09;0,09;0,16;0,23;0,08;0,09;0,07;0,1;0,25;0,24;0,16;0,71;99,19
5913;Kreisfreie_Stadt_Dortmund;412595;241207;58,46;0,7;99,3;19,14;22,72;24,78;9,13;5,56;5,89;0,92;1,65;0,18;3,21;0,6;0,58;0,15;0,45;0,07;0,07;0,05;0,01;0,27;0,15;0,06;0,56;0,1;0,08;0,36;0,01;0,22;0,26;0,08;0,09;0,13;0,26;0,07;0,08;0,05;0,11;0,2;0,21;0,13;0,67;99,31
5914;Kreisfreie_Stadt_Hagen;130560;72691;55,68;0,88;99,12;23,94;22,12;18,16;12,49;4,33;6,39;0,74;1,95;0,23;2,21;0,77;0,75;0,15;0,48;0,04;0,11;0,09;0,01;0,22;0,16;0,13;1,01;0,06;0,06;0,24;0,02;0,26;0,09;0,08;0,11;0,13;0,27;0,09;0,07;0,04;0,07;0,14;0,29;0,17;0,43;99,1
5915;Kreisfreie_Stadt_Hamm;125696;72575;57,74;0,83;99,17;26,89;22,87;19,08;10,81;4,08;5,76;0,8;1,57;0,2;1,93;0,64;0,67;0,15;0,34;0,03;0,02;0,06;0,01;0,27;0,13;0,06;0,64;0,05;0,05;0,15;0,02;0,17;0,15;0,06;0,06;0,11;0,18;0,08;0,06;0,03;0,05;0,13;0,22;0,12;0,44;99,14
5916;Kreisfreie_Stadt_Herne;110657;59376;53,66;1,09;98,91;19,82;26,47;17,29;13,1;5;5,04;0,99;2;0,24;2,39;0,8;0,56;0,15;0,28;0,04;0,13;0,05;0,01;0,33;0,18;0,14;1,12;0,08;0,06;0,2;0,02;0,27;0,07;0,1;0,1;0,18;0,31;0,07;0,07;0,04;0,06;0,21;0,31;0,17;0,45;98,9
5954;Ennepe-Ruhr-Kreis;251943;156316;62,04;0,77;99,23;22,9;22,82;23,39;9,1;4,04;6,42;0,98;1,81;0,16;2,44;0,68;0,53;0,12;0,46;0,05;0,09;0,06;0,01;0,23;0,14;0,16;0,26;0,08;0,07;0,27;0,02;0,22;0,05;0,08;0,09;0,12;0,21;0,06;0,06;0,05;0,08;0,13;0,23;0,13;0,45;99,25
5958;Hochsauerlandkreis;201504;125070;62,07;0,65;99,35;41,32;17,06;15,9;7,36;2,83;6,73;0,52;1,2;0,14;1,8;0,73;0,83;0,14;0,39;0,01;0,02;0,05;0;0,19;0,11;0,07;0,09;0,04;0,03;0,11;0,02;0,14;0,03;0,08;0,08;0,11;0,17;0,08;0,05;0,03;0,03;0,11;0,18;0,14;0,41;99,33
5962;Märkischer_Kreis;302136;170134;56,31;0,87;99,13;31,04;19,29;17,87;9,99;3,68;7,04;0,66;1,72;0,2;1,82;0,8;0,73;0,18;0,58;0,03;0,04;0,07;0,01;0,29;0,15;0,32;0,36;0,06;0,06;0,18;0,02;0,23;0,05;0,09;0,08;0,12;0,23;0,09;0,07;0,03;0,05;0,13;0,21;0,15;0,41;99,13
5966;Kreis_Olpe;102295;64922;63,47;0,7;99,3;45,69;15,34;14,57;7,28;2,49;6,76;0,46;1,12;0,11;1,53;0,68;0,6;0,11;0,35;0,03;0,03;0,08;0,02;0,15;0,1;0,07;0,08;0,04;0,04;0,11;0,07;0,15;0,04;0,07;0,05;0,11;0,12;0,1;0,07;0,03;0,02;0,09;0,13;0,12;0,3;99,31
5970;Kreis_Siegen-Wittgenstein;211301;130012;61,53;0,76;99,24;28,96;20,38;17,53;10,33;4,39;6,64;0,62;1,5;0,16;2,39;0,78;0,7;0,17;1,2;0,03;0,02;0,11;0,02;0,18;0,13;0,46;0,25;0,05;0,05;0,22;0,05;0,19;0,05;0,07;0,09;0,11;0,2;0,12;0,08;0,04;0,09;0,18;0,19;0,12;0,4;99,25
5974;Kreis_Soest;232462;140546;60,46;0,62;99,38;33,24;17,82;20,94;8,06;3,56;6,98;0,6;1,36;0,13;1,97;0,76;0,61;0,13;0,42;0,04;0,02;0,04;0,01;0,2;0,13;0,14;0,09;0,06;0,06;0,19;0,01;0,19;0,05;0,09;0,09;0,12;0,16;0,09;0,07;0,03;0,06;0,14;0,17;0,14;0,41;99,38
5978;Kreis_Unna;304843;181778;59,63;0,86;99,14;23,72;25,08;20,69;9,73;4,07;5,85;0,74;1,63;0,19;1,99;0,82;0,74;0,17;0,36;0,03;0,04;0,06;0,02;0,28;0,15;0,07;0,33;0,06;0,06;0,15;0,01;0,24;0,1;0,07;0,08;0,1;0,24;0,07;0,08;0,04;0,04;0,15;0,24;0,17;0,44;99,1
